0 -15 -26.728
1 -13 -26.728
2 -11 -26.728
3 -9 -26.728
4 -7 -26.728
5 -5 -26.728
6 -3 -26.728
7 -1 -26.728
8 1 -26.728
9 3 -26.728
10 5 -26.728
11 7 -26.728
12 9 -26.728
13 11 -26.728
14 13 -26.728
15 15 -26.728
16 -14 -24.9959
17 -12 -24.9959
18 -10 -24.9959
19 -8 -24.9959
20 -6 -24.9959
21 -4 -24.9959
22 -2 -24.9959
23 0 -24.9959
24 2 -24.9959
25 4 -24.9959
26 6 -24.9959
27 8 -24.9959
28 10 -24.9959
29 12 -24.9959
30 14 -24.9959
31 16 -24.9959
32 -15 -23.2639
33 -13 -23.2639
34 -11 -23.2639
35 -9 -23.2639
36 -7 -23.2639
37 -5 -23.2639
38 -3 -23.2639
39 -1 -23.2639
40 1 -23.2639
41 3 -23.2639
42 5 -23.2639
43 7 -23.2639
44 9 -23.2639
45 11 -23.2639
46 13 -23.2639
47 15 -23.2639
48 -14 -21.5318
49 -12 -21.5318
50 -10 -21.5318
51 -8 -21.5318
52 -6 -21.5318
53 -4 -21.5318
54 -2 -21.5318
55 0 -21.5318
56 2 -21.5318
57 4 -21.5318
58 6 -21.5318
59 8 -21.5318
60 10 -21.5318
61 12 -21.5318
62 14 -21.5318
63 16 -21.5318
64 -15 -19.7998
65 -13 -19.7998
66 -11 -19.7998
67 -9 -19.7998
68 -7 -19.7998
69 -5 -19.7998
70 -3 -19.7998
71 -1 -19.7998
72 1 -19.7998
73 3 -19.7998
74 5 -19.7998
75 7 -19.7998
76 9 -19.7998
77 11 -19.7998
78 13 -19.7998
79 15 -19.7998
80 -14 -18.0677
81 -12 -18.0677
82 -10 -18.0677
83 -8 -18.0677
84 -6 -18.0677
85 -4 -18.0677
86 -2 -18.0677
87 0 -18.0677
88 2 -18.0677
89 4 -18.0677
90 6 -18.0677
91 8 -18.0677
92 10 -18.0677
93 12 -18.0677
94 14 -18.0677
95 16 -18.0677
96 -15 -16.3357
97 -13 -16.3357
98 -11 -16.3357
99 -9 -16.3357
100 -7 -16.3357
101 -5 -16.3357
102 -3 -16.3357
103 -1 -16.3357
104 1 -16.3357
105 3 -16.3357
106 5 -16.3357
107 7 -16.3357
108 9 -16.3357
109 11 -16.3357
110 13 -16.3357
111 15 -16.3357
112 -14 -14.6036
113 -12 -14.6036
114 -10 -14.6036
115 -8 -14.6036
116 -6 -14.6036
117 -4 -14.6036
118 -2 -14.6036
119 0 -14.6036
120 2 -14.6036
121 4 -14.6036
122 6 -14.6036
123 8 -14.6036
124 10 -14.6036
125 12 -14.6036
126 14 -14.6036
127 16 -14.6036
128 -15 -12.8716
129 -13 -12.8716
130 -11 -12.8716
131 -9 -12.8716
132 -7 -12.8716
133 -5 -12.8716
134 -3 -12.8716
135 -1 -12.8716
136 1 -12.8716
137 3 -12.8716
138 5 -12.8716
139 7 -12.8716
140 9 -12.8716
141 11 -12.8716
142 13 -12.8716
143 15 -12.8716
144 -14 -11.1395
145 -12 -11.1395
146 -10 -11.1395
147 -8 -11.1395
148 -6 -11.1395
149 -4 -11.1395
150 -2 -11.1395
151 0 -11.1395
152 2 -11.1395
153 4 -11.1395
154 6 -11.1395
155 8 -11.1395
156 10 -11.1395
157 12 -11.1395
158 14 -11.1395
159 16 -11.1395
160 -15 -9.40749
161 -13 -9.40749
162 -11 -9.40749
163 -9 -9.40749
164 -7 -9.40749
165 -5 -9.40749
166 -3 -9.40749
167 -1 -9.40749
168 1 -9.40749
169 3 -9.40749
170 5 -9.40749
171 7 -9.40749
172 9 -9.40749
173 11 -9.40749
174 13 -9.40749
175 15 -9.40749
176 -14 -7.67544
177 -12 -7.67544
178 -10 -7.67544
179 -8 -7.67544
180 -6 -7.67544
181 -4 -7.67544
182 -2 -7.67544
183 0 -7.67544
184 2 -7.67544
185 4 -7.67544
186 6 -7.67544
187 8 -7.67544
188 10 -7.67544
189 12 -7.67544
190 14 -7.67544
191 16 -7.67544
192 -15 -5.94339
193 -13 -5.94339
194 -11 -5.94339
195 -9 -5.94339
196 -7 -5.94339
197 -5 -5.94339
198 -3 -5.94339
199 -1 -5.94339
200 1 -5.94339
201 3 -5.94339
202 5 -5.94339
203 7 -5.94339
204 9 -5.94339
205 11 -5.94339
206 13 -5.94339
207 15 -5.94339
208 -14 -4.21134
209 -12 -4.21134
210 -10 -4.21134
211 -8 -4.21134
212 -6 -4.21134
213 -4 -4.21134
214 -2 -4.21134
215 0 -4.21134
216 2 -4.21134
217 4 -4.21134
218 6 -4.21134
219 8 -4.21134
220 10 -4.21134
221 12 -4.21134
222 14 -4.21134
223 16 -4.21134
224 -15 -2.47929
225 -13 -2.47929
226 -11 -2.47929
227 -9 -2.47929
228 -7 -2.47929
229 -5 -2.47929
230 -3 -2.47929
231 -1 -2.47929
232 1 -2.47929
233 3 -2.47929
234 5 -2.47929
235 7 -2.47929
236 9 -2.47929
237 11 -2.47929
238 13 -2.47929
239 15 -2.47929
240 -14 -0.747238
241 -12 -0.747238
242 -10 -0.747238
243 -8 -0.747238
244 -6 -0.747238
245 -4 -0.747238
246 -2 -0.747238
247 0 -0.747238
248 2 -0.747238
249 4 -0.747238
250 6 -0.747238
251 8 -0.747238
252 10 -0.747238
253 12 -0.747238
254 14 -0.747238
255 16 -0.747238
256 -15 0.984813
257 -13 0.984813
258 -11 0.984813
259 -9 0.984813
260 -7 0.984813
261 -5 0.984813
262 -3 0.984813
263 -1 0.984813
264 1 0.984813
265 3 0.984813
266 5 0.984813
267 7 0.984813
268 9 0.984813
269 11 0.984813
270 13 0.984813
271 15 0.984813
272 -14 2.71686
273 -12 2.71686
274 -10 2.71686
275 -8 2.71686
276 -6 2.71686
277 -4 2.71686
278 -2 2.71686
279 0 2.71686
280 2 2.71686
281 4 2.71686
282 6 2.71686
283 8 2.71686
284 10 2.71686
285 12 2.71686
286 14 2.71686
287 16 2.71686
288 -15 4.44891
289 -13 4.44891
290 -11 4.44891
291 -9 4.44891
292 -7 4.44891
293 -5 4.44891
294 -3 4.44891
295 -1 4.44891
296 1 4.44891
297 3 4.44891
298 5 4.44891
299 7 4.44891
300 9 4.44891
301 11 4.44891
302 13 4.44891
303 15 4.44891
304 -14 6.18097
305 -12 6.18097
306 -10 6.18097
307 -8 6.18097
308 -6 6.18097
309 -4 6.18097
310 -2 6.18097
311 0 6.18097
312 2 6.18097
313 4 6.18097
314 6 6.18097
315 8 6.18097
316 10 6.18097
317 12 6.18097
318 14 6.18097
319 16 6.18097
320 -15 7.91302
321 -13 7.91302
322 -11 7.91302
323 -9 7.91302
324 -7 7.91302
325 -5 7.91302
326 -3 7.91302
327 -1 7.91302
328 1 7.91302
329 3 7.91302
330 5 7.91302
331 7 7.91302
332 9 7.91302
333 11 7.91302
334 13 7.91302
335 15 7.91302
336 -14 9.64507
337 -12 9.64507
338 -10 9.64507
339 -8 9.64507
340 -6 9.64507
341 -4 9.64507
342 -2 9.64507
343 0 9.64507
344 2 9.64507
345 4 9.64507
346 6 9.64507
347 8 9.64507
348 10 9.64507
349 12 9.64507
350 14 9.64507
351 16 9.64507
352 -15 11.3771
353 -13 11.3771
354 -11 11.3771
355 -9 11.3771
356 -7 11.3771
357 -5 11.3771
358 -3 11.3771
359 -1 11.3771
360 1 11.3771
361 3 11.3771
362 5 11.3771
363 7 11.3771
364 9 11.3771
365 11 11.3771
366 13 11.3771
367 15 11.3771
368 -14 13.1092
369 -12 13.1092
370 -10 13.1092
371 -8 13.1092
372 -6 13.1092
373 -4 13.1092
374 -2 13.1092
375 0 13.1092
376 2 13.1092
377 4 13.1092
378 6 13.1092
379 8 13.1092
380 10 13.1092
381 12 13.1092
382 14 13.1092
383 16 13.1092
384 -15 14.8412
385 -13 14.8412
386 -11 14.8412
387 -9 14.8412
388 -7 14.8412
389 -5 14.8412
390 -3 14.8412
391 -1 14.8412
392 1 14.8412
393 3 14.8412
394 5 14.8412
395 7 14.8412
396 9 14.8412
397 11 14.8412
398 13 14.8412
399 15 14.8412
400 -14 16.5733
401 -12 16.5733
402 -10 16.5733
403 -8 16.5733
404 -6 16.5733
405 -4 16.5733
406 -2 16.5733
407 0 16.5733
408 2 16.5733
409 4 16.5733
410 6 16.5733
411 8 16.5733
412 10 16.5733
413 12 16.5733
414 14 16.5733
415 16 16.5733
416 -15 18.3053
417 -13 18.3053
418 -11 18.3053
419 -9 18.3053
420 -7 18.3053
421 -5 18.3053
422 -3 18.3053
423 -1 18.3053
424 1 18.3053
425 3 18.3053
426 5 18.3053
427 7 18.3053
428 9 18.3053
429 11 18.3053
430 13 18.3053
431 15 18.3053
432 -14 20.0374
433 -12 20.0374
434 -10 20.0374
435 -8 20.0374
436 -6 20.0374
437 -4 20.0374
438 -2 20.0374
439 0 20.0374
440 2 20.0374
441 4 20.0374
442 6 20.0374
443 8 20.0374
444 10 20.0374
445 12 20.0374
446 14 20.0374
447 16 20.0374
448 -15 21.7694
449 -13 21.7694
450 -11 21.7694
451 -9 21.7694
452 -7 21.7694
453 -5 21.7694
454 -3 21.7694
455 -1 21.7694
456 1 21.7694
457 3 21.7694
458 5 21.7694
459 7 21.7694
460 9 21.7694
461 11 21.7694
462 13 21.7694
463 15 21.7694
464 -14 23.5015
465 -12 23.5015
466 -10 23.5015
467 -8 23.5015
468 -6 23.5015
469 -4 23.5015
470 -2 23.5015
471 0 23.5015
472 2 23.5015
473 4 23.5015
474 6 23.5015
475 8 23.5015
476 10 23.5015
477 12 23.5015
478 14 23.5015
479 16 23.5015
480 -15 25.2335
481 -13 25.2335
482 -11 25.2335
483 -9 25.2335
484 -7 25.2335
485 -5 25.2335
486 -3 25.2335
487 -1 25.2335
488 1 25.2335
489 3 25.2335
490 5 25.2335
491 7 25.2335
492 9 25.2335
493 11 25.2335
494 13 25.2335
495 15 25.2335
496 -14 26.9656
497 -12 26.9656
498 -10 26.9656
499 -8 26.9656
500 -6 26.9656
501 -4 26.9656
502 -2 26.9656
503 0 26.9656
504 2 26.9656
505 4 26.9656
506 6 26.9656
507 8 26.9656
508 10 26.9656
509 12 26.9656
510 14 26.9656
511 16 26.9656
