0 -144 -249.552
1 -112 -249.552
2 -80 -249.552
3 -48 -249.552
4 -16 -249.552
5 16 -249.552
6 48 -249.552
7 80 -249.552
8 112 -249.552
9 144 -249.552
10 -144 -194.096
11 -112 -194.096
12 -80 -194.096
13 -48 -194.096
14 -16 -194.096
15 16 -194.096
16 48 -194.096
17 80 -194.096
18 112 -194.096
19 144 -194.096
20 -304 -138.64
21 -272 -138.64
22 -240 -138.64
23 -208 -138.64
24 -176 -138.64
25 -144 -138.64
26 -112 -138.64
27 -80 -138.64
28 -48 -138.64
29 -16 -138.64
30 16 -138.64
31 48 -138.64
32 80 -138.64
33 112 -138.64
34 144 -138.64
35 176 -138.64
36 208 -138.64
37 240 -138.64
38 272 -138.64
39 304 -138.64
40 -304 -83.184
41 -272 -83.184
42 -240 -83.184
43 -208 -83.184
44 -176 -83.184
45 -144 -83.184
46 -112 -83.184
47 -80 -83.184
48 -48 -83.184
49 -16 -83.184
50 16 -83.184
51 48 -83.184
52 80 -83.184
53 112 -83.184
54 144 -83.184
55 176 -83.184
56 208 -83.184
57 240 -83.184
58 272 -83.184
59 304 -83.184
60 -368 -27.728
61 -336 -27.728
62 -304 -27.728
63 -272 -27.728
64 -240 -27.728
65 -208 -27.728
66 -176 -27.728
67 -144 -27.728
68 -112 -27.728
69 -80 -27.728
70 -48 -27.728
71 -16 -27.728
72 16 -27.728
73 48 -27.728
74 80 -27.728
75 112 -27.728
76 144 -27.728
77 176 -27.728
78 208 -27.728
79 240 -27.728
80 272 -27.728
81 304 -27.728
82 336 -27.728
83 368 -27.728
84 -368 27.728
85 -336 27.728
86 -304 27.728
87 -272 27.728
88 -240 27.728
89 -208 27.728
90 -176 27.728
91 -144 27.728
92 -112 27.728
93 -80 27.728
94 -48 27.728
95 -16 27.728
96 16 27.728
97 48 27.728
98 80 27.728
99 112 27.728
100 144 27.728
101 176 27.728
102 208 27.728
103 240 27.728
104 272 27.728
105 304 27.728
106 336 27.728
107 368 27.728
108 -304 83.184
109 -272 83.184
110 -240 83.184
111 -208 83.184
112 -176 83.184
113 -144 83.184
114 -112 83.184
115 -80 83.184
116 -48 83.184
117 -16 83.184
118 16 83.184
119 48 83.184
120 80 83.184
121 112 83.184
122 144 83.184
123 176 83.184
124 208 83.184
125 240 83.184
126 272 83.184
127 304 83.184
128 -304 138.64
129 -272 138.64
130 -240 138.64
131 -208 138.64
132 -176 138.64
133 -144 138.64
134 -112 138.64
135 -80 138.64
136 -48 138.64
137 -16 138.64
138 16 138.64
139 48 138.64
140 80 138.64
141 112 138.64
142 144 138.64
143 176 138.64
144 208 138.64
145 240 138.64
146 272 138.64
147 304 138.64
148 -144 194.096
149 -112 194.096
150 -80 194.096
151 -48 194.096
152 -16 194.096
153 16 194.096
154 48 194.096
155 80 194.096
156 112 194.096
157 144 194.096
158 -144 249.552
159 -112 249.552
160 -80 249.552
161 -48 249.552
162 -16 249.552
163 16 249.552
164 48 249.552
165 80 249.552
166 112 249.552
167 144 249.552
